command c time  d time  file size
cp 	0.95 	0.95 	100
zstd0 	1.13 	1.25 	66
zstd1 	0.758 	1.52 	65
zstd2 	0.683 	1.31 	66
zstd3 	0.96 	1.59 	66
zstd4 	1.08 	1.74 	65
zstd5 	1.52 	1.47 	64
zstd6 	1.59 	1.42 	64
zstd7 	1.9 	1.6 	64
zstd8 	2.3 	1.65 	64
zstd19 	56 	3.6 	64
zstd22  66 	1.19 	61
lz40    3.5 	1.15 	84
lz41 	1.4 	1.29 	84
lz42 	1.29 	1.019 	84
lz43 	3.09 	1.08 	76
lz44 	3.26 	1.27 	75
lz45 	3.38 	1.145 	75
lz46 	3.82 	1.23 	75
lz47 	3.56 	1.387 	75
lz48 	4.89 	2.49 	75
lz49 	4.1 	1.13 	75
lzma0 	13 	5.7 	60
lzma9 	76 	5.9     53
xz0 	13.5 	6 	59.3
xz9 	76 	5.9 	52.8
brotli0 1.7 	2.1 	68.9
brotli9 163 	1.6 	60
bzip1 	10.5 	6.32 	65.7
bzip9 	10.34 	7 	65.6
gzip1 	3.9 	2.49 	65.9
gzip9 	16.8 	2.86 	65.4

